npy文件为numpy专用存储文件，load进来是一个ndarray数组
shape：(1, 1, 192, 640)

[[[[0.12936567 0.12931705 0.12893946 ... 0.12348714 0.12353557
    0.12393308]
   [0.13039337 0.13052139 0.13001679 ... 0.12351143 0.12355105
    0.12395698]
   [0.13217399 0.13217007 0.13164937 ... 0.1238036  0.12394699
    0.12428071]
   ...
   [0.9838443  0.9736351  0.96775293 ... 0.982907   0.9861766
    0.98928803]
   [0.99076706 0.98049545 0.97468984 ... 0.99300736 0.99606115
    0.9992523 ]
   [0.9972206  0.986683   0.9797186  ... 1.0000647  1.0033923
    1.0063442 ]]]]
